5000
0	0.000000
1	0.000400
2	0.000800
3	0.001200
4	0.001600
5	0.002000
6	0.002400
7	0.002800
8	0.003200
9	0.003600
10	0.004000
11	0.004400
12	0.004800
13	0.005200
14	0.005600
15	0.006000
16	0.006400
17	0.006800
18	0.007200
19	0.007600
20	0.008000
21	0.008400
22	0.008800
23	0.009200
24	0.009600
25	0.010000
26	0.010400
27	0.010800
28	0.011200
29	0.011600
30	0.012000
31	0.012400
32	0.012800
33	0.013200
34	0.013600
35	0.014000
36	0.014400
37	0.014800
38	0.015200
39	0.015600
40	0.016000
41	0.016400
42	0.016800
43	0.017200
44	0.017600
45	0.018000
46	0.018400
47	0.018800
48	0.019200
49	0.019600
50	0.020000
51	0.020400
52	0.020800
53	0.021200
54	0.021600
55	0.022000
56	0.022400
57	0.022800
58	0.023200
59	0.023600
60	0.024000
61	0.024400
62	0.024800
63	0.025200
64	0.025600
65	0.026000
66	0.026400
67	0.026800
68	0.027200
69	0.027600
70	0.028000
71	0.028400
72	0.028800
73	0.029200
74	0.029600
75	0.030000
76	0.030400
77	0.030800
78	0.031200
79	0.031600
80	0.032000
81	0.032400
82	0.032800
83	0.033200
84	0.033600
85	0.034000
86	0.034400
87	0.034800
88	0.035200
89	0.035600
90	0.036000
91	0.036400
92	0.036800
93	0.037200
94	0.037600
95	0.038000
96	0.038400
97	0.038800
98	0.039200
99	0.039600
100	0.040000
101	0.040400
102	0.040800
103	0.041200
104	0.041600
105	0.042000
106	0.042400
107	0.042800
108	0.043200
109	0.043600
110	0.044000
111	0.044400
112	0.044800
113	0.045200
114	0.045600
115	0.046000
116	0.046400
117	0.046800
118	0.047200
119	0.047600
120	0.048000
121	0.048400
122	0.048800
123	0.049200
124	0.049600
125	0.050000
126	0.050400
127	0.050800
128	0.051200
129	0.051600
130	0.052000
131	0.052400
132	0.052800
133	0.053200
134	0.053600
135	0.054000
136	0.054400
137	0.054800
138	0.055200
139	0.055600
140	0.056000
141	0.056400
142	0.056800
143	0.057200
144	0.057600
145	0.058000
146	0.058400
147	0.058800
148	0.059200
149	0.059600
150	0.060000
151	0.060400
152	0.060800
153	0.061200
154	0.061600
155	0.062000
156	0.062400
157	0.062800
158	0.063200
159	0.063600
160	0.064000
161	0.064400
162	0.064800
163	0.065200
164	0.065600
165	0.066000
166	0.066400
167	0.066800
168	0.067200
169	0.067600
170	0.068000
171	0.068400
172	0.068800
173	0.069200
174	0.069600
175	0.070000
176	0.070400
177	0.070800
178	0.071200
179	0.071600
180	0.072000
181	0.072400
182	0.072800
183	0.073200
184	0.073600
185	0.074000
186	0.074400
187	0.074800
188	0.075200
189	0.075600
190	0.076000
191	0.076400
192	0.076800
193	0.077200
194	0.077600
195	0.078000
196	0.078400
197	0.078800
198	0.079200
199	0.079600
200	0.080000
201	0.080400
202	0.080800
203	0.081200
204	0.081600
205	0.082000
206	0.082400
207	0.082800
208	0.083200
209	0.083600
210	0.084000
211	0.084400
212	0.084800
213	0.085200
214	0.085600
215	0.086000
216	0.086400
217	0.086800
218	0.087200
219	0.087600
220	0.088000
221	0.088400
222	0.088800
223	0.089200
224	0.089600
225	0.090000
226	0.090400
227	0.090800
228	0.091200
229	0.091600
230	0.092000
231	0.092400
232	0.092800
233	0.093200
234	0.093600
235	0.094000
236	0.094400
237	0.094800
238	0.095200
239	0.095600
240	0.096000
241	0.096400
242	0.096800
243	0.097200
244	0.097600
245	0.098000
246	0.098400
247	0.098800
248	0.099200
249	0.099600
250	0.100000
251	0.100400
252	0.100800
253	0.101200
254	0.101600
255	0.102000
256	0.102400
257	0.102800
258	0.103200
259	0.103600
260	0.104000
261	0.104400
262	0.104800
263	0.105200
264	0.105600
265	0.106000
266	0.106400
267	0.106800
268	0.107200
269	0.107600
270	0.108000
271	0.108400
272	0.108800
273	0.109200
274	0.109600
275	0.110000
276	0.110400
277	0.110800
278	0.111200
279	0.111600
280	0.112000
281	0.112400
282	0.112800
283	0.113200
284	0.113600
285	0.114000
286	0.114400
287	0.114800
288	0.115200
289	0.115600
290	0.116000
291	0.116400
292	0.116800
293	0.117200
294	0.117600
295	0.118000
296	0.118400
297	0.118800
298	0.119200
299	0.119600
300	0.120000
301	0.120400
302	0.120800
303	0.121200
304	0.121600
305	0.122000
306	0.122400
307	0.122800
308	0.123200
309	0.123600
310	0.124000
311	0.124400
312	0.124800
313	0.125200
314	0.125600
315	0.126000
316	0.126400
317	0.126800
318	0.127200
319	0.127600
320	0.128000
321	0.128400
322	0.128800
323	0.129200
324	0.129600
325	0.130000
326	0.130400
327	0.130800
328	0.131200
329	0.131600
330	0.132000
331	0.132400
332	0.132800
333	0.133200
334	0.133600
335	0.134000
336	0.134400
337	0.134800
338	0.135200
339	0.135600
340	0.136000
341	0.136400
342	0.136800
343	0.137200
344	0.137600
345	0.138000
346	0.138400
347	0.138800
348	0.139200
349	0.139600
350	0.140000
351	0.140400
352	0.140800
353	0.141200
354	0.141600
355	0.142000
356	0.142400
357	0.142800
358	0.143200
359	0.143600
360	0.144000
361	0.144400
362	0.144800
363	0.145200
364	0.145600
365	0.146000
366	0.146400
367	0.146800
368	0.147200
369	0.147600
370	0.148000
371	0.148400
372	0.148800
373	0.149200
374	0.149600
375	0.150000
376	0.150400
377	0.150800
378	0.151200
379	0.151600
380	0.152000
381	0.152400
382	0.152800
383	0.153200
384	0.153600
385	0.154000
386	0.154400
387	0.154800
388	0.155200
389	0.155600
390	0.156000
391	0.156400
392	0.156800
393	0.157200
394	0.157600
395	0.158000
396	0.158400
397	0.158800
398	0.159200
399	0.159600
400	0.160000
401	0.160400
402	0.160800
403	0.161200
404	0.161600
405	0.162000
406	0.162400
407	0.162800
408	0.163200
409	0.163600
410	0.164000
411	0.164400
412	0.164800
413	0.165200
414	0.165600
415	0.166000
416	0.166400
417	0.166800
418	0.167200
419	0.167600
420	0.168000
421	0.168400
422	0.168800
423	0.169200
424	0.169600
425	0.170000
426	0.170400
427	0.170800
428	0.171200
429	0.171600
430	0.172000
431	0.172400
432	0.172800
433	0.173200
434	0.173600
435	0.174000
436	0.174400
437	0.174800
438	0.175200
439	0.175600
440	0.176000
441	0.176400
442	0.176800
443	0.177200
444	0.177600
445	0.178000
446	0.178400
447	0.178800
448	0.179200
449	0.179600
450	0.180000
451	0.180400
452	0.180800
453	0.181200
454	0.181600
455	0.182000
456	0.182400
457	0.182800
458	0.183200
459	0.183600
460	0.184000
461	0.184400
462	0.184800
463	0.185200
464	0.185600
465	0.186000
466	0.186400
467	0.186800
468	0.187200
469	0.187600
470	0.188000
471	0.188400
472	0.188800
473	0.189200
474	0.189600
475	0.190000
476	0.190400
477	0.190800
478	0.191200
479	0.191600
480	0.192000
481	0.192400
482	0.192800
483	0.193200
484	0.193600
485	0.194000
486	0.194400
487	0.194800
488	0.195200
489	0.195600
490	0.196000
491	0.196400
492	0.196800
493	0.197200
494	0.197600
495	0.198000
496	0.198400
497	0.198800
498	0.199200
499	0.199600
500	0.200000
501	0.200400
502	0.200800
503	0.201200
504	0.201600
505	0.202000
506	0.202400
507	0.202800
508	0.203200
509	0.203600
510	0.204000
511	0.204400
512	0.204800
513	0.205200
514	0.205600
515	0.206000
516	0.206400
517	0.206800
518	0.207200
519	0.207600
520	0.208000
521	0.208400
522	0.208800
523	0.209200
524	0.209600
525	0.210000
526	0.210400
527	0.210800
528	0.211200
529	0.211600
530	0.212000
531	0.212400
532	0.212800
533	0.213200
534	0.213600
535	0.214000
536	0.214400
537	0.214800
538	0.215200
539	0.215600
540	0.216000
541	0.216400
542	0.216800
543	0.217200
544	0.217600
545	0.218000
546	0.218400
547	0.218800
548	0.219200
549	0.219600
550	0.220000
551	0.220400
552	0.220800
553	0.221200
554	0.221600
555	0.222000
556	0.222400
557	0.222800
558	0.223200
559	0.223600
560	0.224000
561	0.224400
562	0.224800
563	0.225200
564	0.225600
565	0.226000
566	0.226400
567	0.226800
568	0.227200
569	0.227600
570	0.228000
571	0.228400
572	0.228800
573	0.229200
574	0.229600
575	0.230000
576	0.230400
577	0.230800
578	0.231200
579	0.231600
580	0.232000
581	0.232400
582	0.232800
583	0.233200
584	0.233600
585	0.234000
586	0.234400
587	0.234800
588	0.235200
589	0.235600
590	0.236000
591	0.236400
592	0.236800
593	0.237200
594	0.237600
595	0.238000
596	0.238400
597	0.238800
598	0.239200
599	0.239600
600	0.240000
601	0.240400
602	0.240800
603	0.241200
604	0.241600
605	0.242000
606	0.242400
607	0.242800
608	0.243200
609	0.243600
610	0.244000
611	0.244400
612	0.244800
613	0.245200
614	0.245600
615	0.246000
616	0.246400
617	0.246800
618	0.247200
619	0.247600
620	0.248000
621	0.248400
622	0.248800
623	0.249200
624	0.249600
625	0.250000
626	0.250400
627	0.250800
628	0.251200
629	0.251600
630	0.252000
631	0.252400
632	0.252800
633	0.253200
634	0.253600
635	0.254000
636	0.254400
637	0.254800
638	0.255200
639	0.255600
640	0.256000
641	0.256400
642	0.256800
643	0.257200
644	0.257600
645	0.258000
646	0.258400
647	0.258800
648	0.259200
649	0.259600
650	0.260000
651	0.260400
652	0.260800
653	0.261200
654	0.261600
655	0.262000
656	0.262400
657	0.262800
658	0.263200
659	0.263600
660	0.264000
661	0.264400
662	0.264800
663	0.265200
664	0.265600
665	0.266000
666	0.266400
667	0.266800
668	0.267200
669	0.267600
670	0.268000
671	0.268400
672	0.268800
673	0.269200
674	0.269600
675	0.270000
676	0.270400
677	0.270800
678	0.271200
679	0.271600
680	0.272000
681	0.272400
682	0.272800
683	0.273200
684	0.273600
685	0.274000
686	0.274400
687	0.274800
688	0.275200
689	0.275600
690	0.276000
691	0.276400
692	0.276800
693	0.277200
694	0.277600
695	0.278000
696	0.278400
697	0.278800
698	0.279200
699	0.279600
700	0.280000
701	0.280400
702	0.280800
703	0.281200
704	0.281600
705	0.282000
706	0.282400
707	0.282800
708	0.283200
709	0.283600
710	0.284000
711	0.284400
712	0.284800
713	0.285200
714	0.285600
715	0.286000
716	0.286400
717	0.286800
718	0.287200
719	0.287600
720	0.288000
721	0.288400
722	0.288800
723	0.289200
724	0.289600
725	0.290000
726	0.290400
727	0.290800
728	0.291200
729	0.291600
730	0.292000
731	0.292400
732	0.292800
733	0.293200
734	0.293600
735	0.294000
736	0.294400
737	0.294800
738	0.295200
739	0.295600
740	0.296000
741	0.296400
742	0.296800
743	0.297200
744	0.297600
745	0.298000
746	0.298400
747	0.298800
748	0.299200
749	0.299600
750	0.300000
751	0.300400
752	0.300800
753	0.301200
754	0.301600
755	0.302000
756	0.302400
757	0.302800
758	0.303200
759	0.303600
760	0.304000
761	0.304400
762	0.304800
763	0.305200
764	0.305600
765	0.306000
766	0.306400
767	0.306800
768	0.307200
769	0.307600
770	0.308000
771	0.308400
772	0.308800
773	0.309200
774	0.309600
775	0.310000
776	0.310400
777	0.310800
778	0.311200
779	0.311600
780	0.312000
781	0.312400
782	0.312800
783	0.313200
784	0.313600
785	0.314000
786	0.314400
787	0.314800
788	0.315200
789	0.315600
790	0.316000
791	0.316400
792	0.316800
793	0.317200
794	0.317600
795	0.318000
796	0.318400
797	0.318800
798	0.319200
799	0.319600
800	0.320000
801	0.320400
802	0.320800
803	0.321200
804	0.321600
805	0.322000
806	0.322400
807	0.322800
808	0.323200
809	0.323600
810	0.324000
811	0.324400
812	0.324800
813	0.325200
814	0.325600
815	0.326000
816	0.326400
817	0.326800
818	0.327200
819	0.327600
820	0.328000
821	0.328400
822	0.328800
823	0.329200
824	0.329600
825	0.330000
826	0.330400
827	0.330800
828	0.331200
829	0.331600
830	0.332000
831	0.332400
832	0.332800
833	0.333200
834	0.333600
835	0.334000
836	0.334400
837	0.334800
838	0.335200
839	0.335600
840	0.336000
841	0.336400
842	0.336800
843	0.337200
844	0.337600
845	0.338000
846	0.338400
847	0.338800
848	0.339200
849	0.339600
850	0.340000
851	0.340400
852	0.340800
853	0.341200
854	0.341600
855	0.342000
856	0.342400
857	0.342800
858	0.343200
859	0.343600
860	0.344000
861	0.344400
862	0.344800
863	0.345200
864	0.345600
865	0.346000
866	0.346400
867	0.346800
868	0.347200
869	0.347600
870	0.348000
871	0.348400
872	0.348800
873	0.349200
874	0.349600
875	0.350000
876	0.350400
877	0.350800
878	0.351200
879	0.351600
880	0.352000
881	0.352400
882	0.352800
883	0.353200
884	0.353600
885	0.354000
886	0.354400
887	0.354800
888	0.355200
889	0.355600
890	0.356000
891	0.356400
892	0.356800
893	0.357200
894	0.357600
895	0.358000
896	0.358400
897	0.358800
898	0.359200
899	0.359600
900	0.360000
901	0.360400
902	0.360800
903	0.361200
904	0.361600
905	0.362000
906	0.362400
907	0.362800
908	0.363200
909	0.363600
910	0.364000
911	0.364400
912	0.364800
913	0.365200
914	0.365600
915	0.366000
916	0.366400
917	0.366800
918	0.367200
919	0.367600
920	0.368000
921	0.368400
922	0.368800
923	0.369200
924	0.369600
925	0.370000
926	0.370400
927	0.370800
928	0.371200
929	0.371600
930	0.372000
931	0.372400
932	0.372800
933	0.373200
934	0.373600
935	0.374000
936	0.374400
937	0.374800
938	0.375200
939	0.375600
940	0.376000
941	0.376400
942	0.376800
943	0.377200
944	0.377600
945	0.378000
946	0.378400
947	0.378800
948	0.379200
949	0.379600
950	0.380000
951	0.380400
952	0.380800
953	0.381200
954	0.381600
955	0.382000
956	0.382400
957	0.382800
958	0.383200
959	0.383600
960	0.384000
961	0.384400
962	0.384800
963	0.385200
964	0.385600
965	0.386000
966	0.386400
967	0.386800
968	0.387200
969	0.387600
970	0.388000
971	0.388400
972	0.388800
973	0.389200
974	0.389600
975	0.390000
976	0.390400
977	0.390800
978	0.391200
979	0.391600
980	0.392000
981	0.392400
982	0.392800
983	0.393200
984	0.393600
985	0.394000
986	0.394400
987	0.394800
988	0.395200
989	0.395600
990	0.396000
991	0.396400
992	0.396800
993	0.397200
994	0.397600
995	0.398000
996	0.398400
997	0.398800
998	0.399200
999	0.399600
1000	0.400000
1001	0.400400
1002	0.400800
1003	0.401200
1004	0.401600
1005	0.402000
1006	0.402400
1007	0.402800
1008	0.403200
1009	0.403600
1010	0.404000
1011	0.404400
1012	0.404800
1013	0.405200
1014	0.405600
1015	0.406000
1016	0.406400
1017	0.406800
1018	0.407200
1019	0.407600
1020	0.408000
1021	0.408400
1022	0.408800
1023	0.409200
1024	0.409600
1025	0.410000
1026	0.410400
1027	0.410800
1028	0.411200
1029	0.411600
1030	0.412000
1031	0.412400
1032	0.412800
1033	0.413200
1034	0.413600
1035	0.414000
1036	0.414400
1037	0.414800
1038	0.415200
1039	0.415600
1040	0.416000
1041	0.416400
1042	0.416800
1043	0.417200
1044	0.417600
1045	0.418000
1046	0.418400
1047	0.418800
1048	0.419200
1049	0.419600
1050	0.420000
1051	0.420400
1052	0.420800
1053	0.421200
1054	0.421600
1055	0.422000
1056	0.422400
1057	0.422800
1058	0.423200
1059	0.423600
1060	0.424000
1061	0.424400
1062	0.424800
1063	0.425200
1064	0.425600
1065	0.426000
1066	0.426400
1067	0.426800
1068	0.427200
1069	0.427600
1070	0.428000
1071	0.428400
1072	0.428800
1073	0.429200
1074	0.429600
1075	0.430000
1076	0.430400
1077	0.430800
1078	0.431200
1079	0.431600
1080	0.432000
1081	0.432400
1082	0.432800
1083	0.433200
1084	0.433600
1085	0.434000
1086	0.434400
1087	0.434800
1088	0.435200
1089	0.435600
1090	0.436000
1091	0.436400
1092	0.436800
1093	0.437200
1094	0.437600
1095	0.438000
1096	0.438400
1097	0.438800
1098	0.439200
1099	0.439600
1100	0.440000
1101	0.440400
1102	0.440800
1103	0.441200
1104	0.441600
1105	0.442000
1106	0.442400
1107	0.442800
1108	0.443200
1109	0.443600
1110	0.444000
1111	0.444400
1112	0.444800
1113	0.445200
1114	0.445600
1115	0.446000
1116	0.446400
1117	0.446800
1118	0.447200
1119	0.447600
1120	0.448000
1121	0.448400
1122	0.448800
1123	0.449200
1124	0.449600
1125	0.450000
1126	0.450400
1127	0.450800
1128	0.451200
1129	0.451600
1130	0.452000
1131	0.452400
1132	0.452800
1133	0.453200
1134	0.453600
1135	0.454000
1136	0.454400
1137	0.454800
1138	0.455200
1139	0.455600
1140	0.456000
1141	0.456400
1142	0.456800
1143	0.457200
1144	0.457600
1145	0.458000
1146	0.458400
1147	0.458800
1148	0.459200
1149	0.459600
1150	0.460000
1151	0.460400
1152	0.460800
1153	0.461200
1154	0.461600
1155	0.462000
1156	0.462400
1157	0.462800
1158	0.463200
1159	0.463600
1160	0.464000
1161	0.464400
1162	0.464800
1163	0.465200
1164	0.465600
1165	0.466000
1166	0.466400
1167	0.466800
1168	0.467200
1169	0.467600
1170	0.468000
1171	0.468400
1172	0.468800
1173	0.469200
1174	0.469600
1175	0.470000
1176	0.470400
1177	0.470800
1178	0.471200
1179	0.471600
1180	0.472000
1181	0.472400
1182	0.472800
1183	0.473200
1184	0.473600
1185	0.474000
1186	0.474400
1187	0.474800
1188	0.475200
1189	0.475600
1190	0.476000
1191	0.476400
1192	0.476800
1193	0.477200
1194	0.477600
1195	0.478000
1196	0.478400
1197	0.478800
1198	0.479200
1199	0.479600
1200	0.480000
1201	0.480400
1202	0.480800
1203	0.481200
1204	0.481600
1205	0.482000
1206	0.482400
1207	0.482800
1208	0.483200
1209	0.483600
1210	0.484000
1211	0.484400
1212	0.484800
1213	0.485200
1214	0.485600
1215	0.486000
1216	0.486400
1217	0.486800
1218	0.487200
1219	0.487600
1220	0.488000
1221	0.488400
1222	0.488800
1223	0.489200
1224	0.489600
1225	0.490000
1226	0.490400
1227	0.490800
1228	0.491200
1229	0.491600
1230	0.492000
1231	0.492400
1232	0.492800
1233	0.493200
1234	0.493600
1235	0.494000
1236	0.494400
1237	0.494800
1238	0.495200
1239	0.495600
1240	0.496000
1241	0.496400
1242	0.496800
1243	0.497200
1244	0.497600
1245	0.498000
1246	0.498400
1247	0.498800
1248	0.499200
1249	0.499600
1250	0.500000
1251	0.500400
1252	0.500800
1253	0.501200
1254	0.501600
1255	0.502000
1256	0.502400
1257	0.502800
1258	0.503200
1259	0.503600
1260	0.504000
1261	0.504400
1262	0.504800
1263	0.505200
1264	0.505600
1265	0.506000
1266	0.506400
1267	0.506800
1268	0.507200
1269	0.507600
1270	0.508000
1271	0.508400
1272	0.508800
1273	0.509200
1274	0.509600
1275	0.510000
1276	0.510400
1277	0.510800
1278	0.511200
1279	0.511600
1280	0.512000
1281	0.512400
1282	0.512800
1283	0.513200
1284	0.513600
1285	0.514000
1286	0.514400
1287	0.514800
1288	0.515200
1289	0.515600
1290	0.516000
1291	0.516400
1292	0.516800
1293	0.517200
1294	0.517600
1295	0.518000
1296	0.518400
1297	0.518800
1298	0.519200
1299	0.519600
1300	0.520000
1301	0.520400
1302	0.520800
1303	0.521200
1304	0.521600
1305	0.522000
1306	0.522400
1307	0.522800
1308	0.523200
1309	0.523600
1310	0.524000
1311	0.524400
1312	0.524800
1313	0.525200
1314	0.525600
1315	0.526000
1316	0.526400
1317	0.526800
1318	0.527200
1319	0.527600
1320	0.528000
1321	0.528400
1322	0.528800
1323	0.529200
1324	0.529600
1325	0.530000
1326	0.530400
1327	0.530800
1328	0.531200
1329	0.531600
1330	0.532000
1331	0.532400
1332	0.532800
1333	0.533200
1334	0.533600
1335	0.534000
1336	0.534400
1337	0.534800
1338	0.535200
1339	0.535600
1340	0.536000
1341	0.536400
1342	0.536800
1343	0.537200
1344	0.537600
1345	0.538000
1346	0.538400
1347	0.538800
1348	0.539200
1349	0.539600
1350	0.540000
1351	0.540400
1352	0.540800
1353	0.541200
1354	0.541600
1355	0.542000
1356	0.542400
1357	0.542800
1358	0.543200
1359	0.543600
1360	0.544000
1361	0.544400
1362	0.544800
1363	0.545200
1364	0.545600
1365	0.546000
1366	0.546400
1367	0.546800
1368	0.547200
1369	0.547600
1370	0.548000
1371	0.548400
1372	0.548800
1373	0.549200
1374	0.549600
1375	0.550000
1376	0.550400
1377	0.550800
1378	0.551200
1379	0.551600
1380	0.552000
1381	0.552400
1382	0.552800
1383	0.553200
1384	0.553600
1385	0.554000
1386	0.554400
1387	0.554800
1388	0.555200
1389	0.555600
1390	0.556000
1391	0.556400
1392	0.556800
1393	0.557200
1394	0.557600
1395	0.558000
1396	0.558400
1397	0.558800
1398	0.559200
1399	0.559600
1400	0.560000
1401	0.560400
1402	0.560800
1403	0.561200
1404	0.561600
1405	0.562000
1406	0.562400
1407	0.562800
1408	0.563200
1409	0.563600
1410	0.564000
1411	0.564400
1412	0.564800
1413	0.565200
1414	0.565600
1415	0.566000
1416	0.566400
1417	0.566800
1418	0.567200
1419	0.567600
1420	0.568000
1421	0.568400
1422	0.568800
1423	0.569200
1424	0.569600
1425	0.570000
1426	0.570400
1427	0.570800
1428	0.571200
1429	0.571600
1430	0.572000
1431	0.572400
1432	0.572800
1433	0.573200
1434	0.573600
1435	0.574000
1436	0.574400
1437	0.574800
1438	0.575200
1439	0.575600
1440	0.576000
1441	0.576400
1442	0.576800
1443	0.577200
1444	0.577600
1445	0.578000
1446	0.578400
1447	0.578800
1448	0.579200
1449	0.579600
1450	0.580000
1451	0.580400
1452	0.580800
1453	0.581200
1454	0.581600
1455	0.582000
1456	0.582400
1457	0.582800
1458	0.583200
1459	0.583600
1460	0.584000
1461	0.584400
1462	0.584800
1463	0.585200
1464	0.585600
1465	0.586000
1466	0.586400
1467	0.586800
1468	0.587200
1469	0.587600
1470	0.588000
1471	0.588400
1472	0.588800
1473	0.589200
1474	0.589600
1475	0.590000
1476	0.590400
1477	0.590800
1478	0.591200
1479	0.591600
1480	0.592000
1481	0.592400
1482	0.592800
1483	0.593200
1484	0.593600
1485	0.594000
1486	0.594400
1487	0.594800
1488	0.595200
1489	0.595600
1490	0.596000
1491	0.596400
1492	0.596800
1493	0.597200
1494	0.597600
1495	0.598000
1496	0.598400
1497	0.598800
1498	0.599200
1499	0.599600
1500	0.600000
1501	0.600400
1502	0.600800
1503	0.601200
1504	0.601600
1505	0.602000
1506	0.602400
1507	0.602800
1508	0.603200
1509	0.603600
1510	0.604000
1511	0.604400
1512	0.604800
1513	0.605200
1514	0.605600
1515	0.606000
1516	0.606400
1517	0.606800
1518	0.607200
1519	0.607600
1520	0.608000
1521	0.608400
1522	0.608800
1523	0.609200
1524	0.609600
1525	0.610000
1526	0.610400
1527	0.610800
1528	0.611200
1529	0.611600
1530	0.612000
1531	0.612400
1532	0.612800
1533	0.613200
1534	0.613600
1535	0.614000
1536	0.614400
1537	0.614800
1538	0.615200
1539	0.615600
1540	0.616000
1541	0.616400
1542	0.616800
1543	0.617200
1544	0.617600
1545	0.618000
1546	0.618400
1547	0.618800
1548	0.619200
1549	0.619600
1550	0.620000
1551	0.620400
1552	0.620800
1553	0.621200
1554	0.621600
1555	0.622000
1556	0.622400
1557	0.622800
1558	0.623200
1559	0.623600
1560	0.624000
1561	0.624400
1562	0.624800
1563	0.625200
1564	0.625600
1565	0.626000
1566	0.626400
1567	0.626800
1568	0.627200
1569	0.627600
1570	0.628000
1571	0.628400
1572	0.628800
1573	0.629200
1574	0.629600
1575	0.630000
1576	0.630400
1577	0.630800
1578	0.631200
1579	0.631600
1580	0.632000
1581	0.632400
1582	0.632800
1583	0.633200
1584	0.633600
1585	0.634000
1586	0.634400
1587	0.634800
1588	0.635200
1589	0.635600
1590	0.636000
1591	0.636400
1592	0.636800
1593	0.637200
1594	0.637600
1595	0.638000
1596	0.638400
1597	0.638800
1598	0.639200
1599	0.639600
1600	0.640000
1601	0.640400
1602	0.640800
1603	0.641200
1604	0.641600
1605	0.642000
1606	0.642400
1607	0.642800
1608	0.643200
1609	0.643600
1610	0.644000
1611	0.644400
1612	0.644800
1613	0.645200
1614	0.645600
1615	0.646000
1616	0.646400
1617	0.646800
1618	0.647200
1619	0.647600
1620	0.648000
1621	0.648400
1622	0.648800
1623	0.649200
1624	0.649600
1625	0.650000
1626	0.650400
1627	0.650800
1628	0.651200
1629	0.651600
1630	0.652000
1631	0.652400
1632	0.652800
1633	0.653200
1634	0.653600
1635	0.654000
1636	0.654400
1637	0.654800
1638	0.655200
1639	0.655600
1640	0.656000
1641	0.656400
1642	0.656800
1643	0.657200
1644	0.657600
1645	0.658000
1646	0.658400
1647	0.658800
1648	0.659200
1649	0.659600
1650	0.660000
1651	0.660400
1652	0.660800
1653	0.661200
1654	0.661600
1655	0.662000
1656	0.662400
1657	0.662800
1658	0.663200
1659	0.663600
1660	0.664000
1661	0.664400
1662	0.664800
1663	0.665200
1664	0.665600
1665	0.666000
1666	0.666400
1667	0.666800
1668	0.667200
1669	0.667600
1670	0.668000
1671	0.668400
1672	0.668800
1673	0.669200
1674	0.669600
1675	0.670000
1676	0.670400
1677	0.670800
1678	0.671200
1679	0.671600
1680	0.672000
1681	0.672400
1682	0.672800
1683	0.673200
1684	0.673600
1685	0.674000
1686	0.674400
1687	0.674800
1688	0.675200
1689	0.675600
1690	0.676000
1691	0.676400
1692	0.676800
1693	0.677200
1694	0.677600
1695	0.678000
1696	0.678400
1697	0.678800
1698	0.679200
1699	0.679600
1700	0.680000
1701	0.680400
1702	0.680800
1703	0.681200
1704	0.681600
1705	0.682000
1706	0.682400
1707	0.682800
1708	0.683200
1709	0.683600
1710	0.684000
1711	0.684400
1712	0.684800
1713	0.685200
1714	0.685600
1715	0.686000
1716	0.686400
1717	0.686800
1718	0.687200
1719	0.687600
1720	0.688000
1721	0.688400
1722	0.688800
1723	0.689200
1724	0.689600
1725	0.690000
1726	0.690400
1727	0.690800
1728	0.691200
1729	0.691600
1730	0.692000
1731	0.692400
1732	0.692800
1733	0.693200
1734	0.693600
1735	0.694000
1736	0.694400
1737	0.694800
1738	0.695200
1739	0.695600
1740	0.696000
1741	0.696400
1742	0.696800
1743	0.697200
1744	0.697600
1745	0.698000
1746	0.698400
1747	0.698800
1748	0.699200
1749	0.699600
1750	0.700000
1751	0.700400
1752	0.700800
1753	0.701200
1754	0.701600
1755	0.702000
1756	0.702400
1757	0.702800
1758	0.703200
1759	0.703600
1760	0.704000
1761	0.704400
1762	0.704800
1763	0.705200
1764	0.705600
1765	0.706000
1766	0.706400
1767	0.706800
1768	0.707200
1769	0.707600
1770	0.708000
1771	0.708400
1772	0.708800
1773	0.709200
1774	0.709600
1775	0.710000
1776	0.710400
1777	0.710800
1778	0.711200
1779	0.711600
1780	0.712000
1781	0.712400
1782	0.712800
1783	0.713200
1784	0.713600
1785	0.714000
1786	0.714400
1787	0.714800
1788	0.715200
1789	0.715600
1790	0.716000
1791	0.716400
1792	0.716800
1793	0.717200
1794	0.717600
1795	0.718000
1796	0.718400
1797	0.718800
1798	0.719200
1799	0.719600
1800	0.720000
1801	0.720400
1802	0.720800
1803	0.721200
1804	0.721600
1805	0.722000
1806	0.722400
1807	0.722800
1808	0.723200
1809	0.723600
1810	0.724000
1811	0.724400
1812	0.724800
1813	0.725200
1814	0.725600
1815	0.726000
1816	0.726400
1817	0.726800
1818	0.727200
1819	0.727600
1820	0.728000
1821	0.728400
1822	0.728800
1823	0.729200
1824	0.729600
1825	0.730000
1826	0.730400
1827	0.730800
1828	0.731200
1829	0.731600
1830	0.732000
1831	0.732400
1832	0.732800
1833	0.733200
1834	0.733600
1835	0.734000
1836	0.734400
1837	0.734800
1838	0.735200
1839	0.735600
1840	0.736000
1841	0.736400
1842	0.736800
1843	0.737200
1844	0.737600
1845	0.738000
1846	0.738400
1847	0.738800
1848	0.739200
1849	0.739600
1850	0.740000
1851	0.740400
1852	0.740800
1853	0.741200
1854	0.741600
1855	0.742000
1856	0.742400
1857	0.742800
1858	0.743200
1859	0.743600
1860	0.744000
1861	0.744400
1862	0.744800
1863	0.745200
1864	0.745600
1865	0.746000
1866	0.746400
1867	0.746800
1868	0.747200
1869	0.747600
1870	0.748000
1871	0.748400
1872	0.748800
1873	0.749200
1874	0.749600
1875	0.750000
1876	0.750400
1877	0.750800
1878	0.751200
1879	0.751600
1880	0.752000
1881	0.752400
1882	0.752800
1883	0.753200
1884	0.753600
1885	0.754000
1886	0.754400
1887	0.754800
1888	0.755200
1889	0.755600
1890	0.756000
1891	0.756400
1892	0.756800
1893	0.757200
1894	0.757600
1895	0.758000
1896	0.758400
1897	0.758800
1898	0.759200
1899	0.759600
1900	0.760000
1901	0.760400
1902	0.760800
1903	0.761200
1904	0.761600
1905	0.762000
1906	0.762400
1907	0.762800
1908	0.763200
1909	0.763600
1910	0.764000
1911	0.764400
1912	0.764800
1913	0.765200
1914	0.765600
1915	0.766000
1916	0.766400
1917	0.766800
1918	0.767200
1919	0.767600
1920	0.768000
1921	0.768400
1922	0.768800
1923	0.769200
1924	0.769600
1925	0.770000
1926	0.770400
1927	0.770800
1928	0.771200
1929	0.771600
1930	0.772000
1931	0.772400
1932	0.772800
1933	0.773200
1934	0.773600
1935	0.774000
1936	0.774400
1937	0.774800
1938	0.775200
1939	0.775600
1940	0.776000
1941	0.776400
1942	0.776800
1943	0.777200
1944	0.777600
1945	0.778000
1946	0.778400
1947	0.778800
1948	0.779200
1949	0.779600
1950	0.780000
1951	0.780400
1952	0.780800
1953	0.781200
1954	0.781600
1955	0.782000
1956	0.782400
1957	0.782800
1958	0.783200
1959	0.783600
1960	0.784000
1961	0.784400
1962	0.784800
1963	0.785200
1964	0.785600
1965	0.786000
1966	0.786400
1967	0.786800
1968	0.787200
1969	0.787600
1970	0.788000
1971	0.788400
1972	0.788800
1973	0.789200
1974	0.789600
1975	0.790000
1976	0.790400
1977	0.790800
1978	0.791200
1979	0.791600
1980	0.792000
1981	0.792400
1982	0.792800
1983	0.793200
1984	0.793600
1985	0.794000
1986	0.794400
1987	0.794800
1988	0.795200
1989	0.795600
1990	0.796000
1991	0.796400
1992	0.796800
1993	0.797200
1994	0.797600
1995	0.798000
1996	0.798400
1997	0.798800
1998	0.799200
1999	0.799600
2000	0.800000
2001	0.800400
2002	0.800800
2003	0.801200
2004	0.801600
2005	0.802000
2006	0.802400
2007	0.802800
2008	0.803200
2009	0.803600
2010	0.804000
2011	0.804400
2012	0.804800
2013	0.805200
2014	0.805600
2015	0.806000
2016	0.806400
2017	0.806800
2018	0.807200
2019	0.807600
2020	0.808000
2021	0.808400
2022	0.808800
2023	0.809200
2024	0.809600
2025	0.810000
2026	0.810400
2027	0.810800
2028	0.811200
2029	0.811600
2030	0.812000
2031	0.812400
2032	0.812800
2033	0.813200
2034	0.813600
2035	0.814000
2036	0.814400
2037	0.814800
2038	0.815200
2039	0.815600
2040	0.816000
2041	0.816400
2042	0.816800
2043	0.817200
2044	0.817600
2045	0.818000
2046	0.818400
2047	0.818800
2048	0.819200
2049	0.819600
2050	0.820000
2051	0.820400
2052	0.820800
2053	0.821200
2054	0.821600
2055	0.822000
2056	0.822400
2057	0.822800
2058	0.823200
2059	0.823600
2060	0.824000
2061	0.824400
2062	0.824800
2063	0.825200
2064	0.825600
2065	0.826000
2066	0.826400
2067	0.826800
2068	0.827200
2069	0.827600
2070	0.828000
2071	0.828400
2072	0.828800
2073	0.829200
2074	0.829600
2075	0.830000
2076	0.830400
2077	0.830800
2078	0.831200
2079	0.831600
2080	0.832000
2081	0.832400
2082	0.832800
2083	0.833200
2084	0.833600
2085	0.834000
2086	0.834400
2087	0.834800
2088	0.835200
2089	0.835600
2090	0.836000
2091	0.836400
2092	0.836800
2093	0.837200
2094	0.837600
2095	0.838000
2096	0.838400
2097	0.838800
2098	0.839200
2099	0.839600
2100	0.840000
2101	0.840400
2102	0.840800
2103	0.841200
2104	0.841600
2105	0.842000
2106	0.842400
2107	0.842800
2108	0.843200
2109	0.843600
2110	0.844000
2111	0.844400
2112	0.844800
2113	0.845200
2114	0.845600
2115	0.846000
2116	0.846400
2117	0.846800
2118	0.847200
2119	0.847600
2120	0.848000
2121	0.848400
2122	0.848800
2123	0.849200
2124	0.849600
2125	0.850000
2126	0.850400
2127	0.850800
2128	0.851200
2129	0.851600
2130	0.852000
2131	0.852400
2132	0.852800
2133	0.853200
2134	0.853600
2135	0.854000
2136	0.854400
2137	0.854800
2138	0.855200
2139	0.855600
2140	0.856000
2141	0.856400
2142	0.856800
2143	0.857200
2144	0.857600
2145	0.858000
2146	0.858400
2147	0.858800
2148	0.859200
2149	0.859600
2150	0.860000
2151	0.860400
2152	0.860800
2153	0.861200
2154	0.861600
2155	0.862000
2156	0.862400
2157	0.862800
2158	0.863200
2159	0.863600
2160	0.864000
2161	0.864400
2162	0.864800
2163	0.865200
2164	0.865600
2165	0.866000
2166	0.866400
2167	0.866800
2168	0.867200
2169	0.867600
2170	0.868000
2171	0.868400
2172	0.868800
2173	0.869200
2174	0.869600
2175	0.870000
2176	0.870400
2177	0.870800
2178	0.871200
2179	0.871600
2180	0.872000
2181	0.872400
2182	0.872800
2183	0.873200
2184	0.873600
2185	0.874000
2186	0.874400
2187	0.874800
2188	0.875200
2189	0.875600
2190	0.876000
2191	0.876400
2192	0.876800
2193	0.877200
2194	0.877600
2195	0.878000
2196	0.878400
2197	0.878800
2198	0.879200
2199	0.879600
2200	0.880000
2201	0.880400
2202	0.880800
2203	0.881200
2204	0.881600
2205	0.882000
2206	0.882400
2207	0.882800
2208	0.883200
2209	0.883600
2210	0.884000
2211	0.884400
2212	0.884800
2213	0.885200
2214	0.885600
2215	0.886000
2216	0.886400
2217	0.886800
2218	0.887200
2219	0.887600
2220	0.888000
2221	0.888400
2222	0.888800
2223	0.889200
2224	0.889600
2225	0.890000
2226	0.890400
2227	0.890800
2228	0.891200
2229	0.891600
2230	0.892000
2231	0.892400
2232	0.892800
2233	0.893200
2234	0.893600
2235	0.894000
2236	0.894400
2237	0.894800
2238	0.895200
2239	0.895600
2240	0.896000
2241	0.896400
2242	0.896800
2243	0.897200
2244	0.897600
2245	0.898000
2246	0.898400
2247	0.898800
2248	0.899200
2249	0.899600
2250	0.900000
2251	0.900400
2252	0.900800
2253	0.901200
2254	0.901600
2255	0.902000
2256	0.902400
2257	0.902800
2258	0.903200
2259	0.903600
2260	0.904000
2261	0.904400
2262	0.904800
2263	0.905200
2264	0.905600
2265	0.906000
2266	0.906400
2267	0.906800
2268	0.907200
2269	0.907600
2270	0.908000
2271	0.908400
2272	0.908800
2273	0.909200
2274	0.909600
2275	0.910000
2276	0.910400
2277	0.910800
2278	0.911200
2279	0.911600
2280	0.912000
2281	0.912400
2282	0.912800
2283	0.913200
2284	0.913600
2285	0.914000
2286	0.914400
2287	0.914800
2288	0.915200
2289	0.915600
2290	0.916000
2291	0.916400
2292	0.916800
2293	0.917200
2294	0.917600
2295	0.918000
2296	0.918400
2297	0.918800
2298	0.919200
2299	0.919600
2300	0.920000
2301	0.920400
2302	0.920800
2303	0.921200
2304	0.921600
2305	0.922000
2306	0.922400
2307	0.922800
2308	0.923200
2309	0.923600
2310	0.924000
2311	0.924400
2312	0.924800
2313	0.925200
2314	0.925600
2315	0.926000
2316	0.926400
2317	0.926800
2318	0.927200
2319	0.927600
2320	0.928000
2321	0.928400
2322	0.928800
2323	0.929200
2324	0.929600
2325	0.930000
2326	0.930400
2327	0.930800
2328	0.931200
2329	0.931600
2330	0.932000
2331	0.932400
2332	0.932800
2333	0.933200
2334	0.933600
2335	0.934000
2336	0.934400
2337	0.934800
2338	0.935200
2339	0.935600
2340	0.936000
2341	0.936400
2342	0.936800
2343	0.937200
2344	0.937600
2345	0.938000
2346	0.938400
2347	0.938800
2348	0.939200
2349	0.939600
2350	0.940000
2351	0.940400
2352	0.940800
2353	0.941200
2354	0.941600
2355	0.942000
2356	0.942400
2357	0.942800
2358	0.943200
2359	0.943601
2360	0.944001
2361	0.944401
2362	0.944801
2363	0.945201
2364	0.945602
2365	0.946002
2366	0.946403
2367	0.946803
2368	0.947204
2369	0.947605
2370	0.948006
2371	0.948408
2372	0.948809
2373	0.949212
2374	0.949614
2375	0.950018
2376	0.950422
2377	0.950827
2378	0.951233
2379	0.951640
2380	0.952049
2381	0.952459
2382	0.952872
2383	0.953287
2384	0.953706
2385	0.954128
2386	0.954555
2387	0.954987
2388	0.955425
2389	0.955871
2390	0.956326
2391	0.956791
2392	0.957268
2393	0.957760
2394	0.958269
2395	0.958798
2396	0.959350
2397	0.959929
2398	0.960540
2399	0.961188
2400	0.961879
2401	0.962620
2402	0.963418
2403	0.964284
2404	0.965227
2405	0.966259
2406	0.967394
2407	0.968646
2408	0.970034
2409	0.971577
2410	0.973296
2411	0.975217
2412	0.977369
2413	0.979781
2414	0.982491
2415	0.985537
2416	0.988964
2417	0.992821
2418	0.997162
2419	1.002048
2420	1.007547
2421	1.013733
2422	1.020687
2423	1.028501
2424	1.037274
2425	1.047114
2426	1.058140
2427	1.070482
2428	1.084283
2429	1.099695
2430	1.116887
2431	1.136037
2432	1.157343
2433	1.181015
2434	1.207277
2435	1.236374
2436	1.268565
2437	1.304127
2438	1.343355
2439	1.386564
2440	1.434085
2441	1.486270
2442	1.543491
2443	1.606136
2444	1.674615
2445	1.749356
2446	1.830805
2447	1.919426
2448	2.015699
2449	2.120122
2450	2.233209
2451	2.355484
2452	2.487486
2453	2.629765
2454	2.782879
2455	2.947392
2456	3.123874
2457	3.312894
2458	3.515024
2459	3.730829
2460	3.960869
2461	4.205692
2462	4.465836
2463	4.741819
2464	5.034139
2465	5.343270
2466	5.669659
2467	6.013721
2468	6.375834
2469	6.756338
2470	7.155529
2471	7.573657
2472	8.010923
2473	8.467472
2474	8.943395
2475	9.438721
2476	9.953420
2477	10.487395
2478	11.040483
2479	11.612455
2480	12.203010
2481	12.811779
2482	13.438321
2483	14.082126
2484	14.742612
2485	15.419130
2486	16.110962
2487	16.817324
2488	17.537370
2489	18.270192
2490	19.014826
2491	19.770252
2492	20.535404
2493	21.309167
2494	22.090390
2495	22.877884
2496	23.670430
2497	24.466788
2498	25.265696
2499	26.065883
2500	26.866069
2501	27.664978
2502	28.461335
2503	29.253882
2504	30.041375
2505	30.822598
2506	31.596362
2507	32.361514
2508	33.116940
2509	33.861573
2510	34.594395
2511	35.314441
2512	36.020803
2513	36.712635
2514	37.389153
2515	38.049639
2516	38.693444
2517	39.319987
2518	39.928756
2519	40.519311
2520	41.091283
2521	41.644371
2522	42.178346
2523	42.693044
2524	43.188371
2525	43.664293
2526	44.120842
2527	44.558108
2528	44.976237
2529	45.375428
2530	45.755931
2531	46.118044
2532	46.462106
2533	46.788495
2534	47.097627
2535	47.389947
2536	47.665929
2537	47.926073
2538	48.170897
2539	48.400936
2540	48.616741
2541	48.818871
2542	49.007892
2543	49.184373
2544	49.348886
2545	49.502000
2546	49.644279
2547	49.776282
2548	49.898557
2549	50.011643
2550	50.116067
2551	50.212340
2552	50.300960
2553	50.382409
2554	50.457150
2555	50.525629
2556	50.588275
2557	50.645495
2558	50.697681
2559	50.745202
2560	50.788410
2561	50.827639
2562	50.863201
2563	50.895391
2564	50.924488
2565	50.950751
2566	50.974422
2567	50.995728
2568	51.014879
2569	51.032070
2570	51.047483
2571	51.061283
2572	51.073626
2573	51.084652
2574	51.094492
2575	51.103264
2576	51.111078
2577	51.118033
2578	51.124219
2579	51.129718
2580	51.134604
2581	51.138945
2582	51.142801
2583	51.146228
2584	51.149274
2585	51.151984
2586	51.154397
2587	51.156548
2588	51.158470
2589	51.160189
2590	51.161731
2591	51.163119
2592	51.164372
2593	51.165506
2594	51.166538
2595	51.167481
2596	51.168347
2597	51.169146
2598	51.169887
2599	51.170578
2600	51.171226
2601	51.171837
2602	51.172416
2603	51.172968
2604	51.173496
2605	51.174005
2606	51.174497
2607	51.174974
2608	51.175439
2609	51.175894
2610	51.176340
2611	51.176778
2612	51.177210
2613	51.177637
2614	51.178060
2615	51.178478
2616	51.178894
2617	51.179306
2618	51.179717
2619	51.180126
2620	51.180533
2621	51.180939
2622	51.181344
2623	51.181748
2624	51.182151
2625	51.182554
2626	51.182956
2627	51.183358
2628	51.183759
2629	51.184160
2630	51.184561
2631	51.184962
2632	51.185363
2633	51.185763
2634	51.186164
2635	51.186564
2636	51.186964
2637	51.187365
2638	51.187765
2639	51.188165
2640	51.188565
2641	51.188965
2642	51.189365
2643	51.189765
2644	51.190165
2645	51.190565
2646	51.190965
2647	51.191365
2648	51.191765
2649	51.192165
2650	51.192565
2651	51.192965
2652	51.193365
2653	51.193765
2654	51.194165
2655	51.194565
2656	51.194965
2657	51.195365
2658	51.195765
2659	51.196165
2660	51.196565
2661	51.196965
2662	51.197365
2663	51.197765
2664	51.198165
2665	51.198565
2666	51.198965
2667	51.199365
2668	51.199765
2669	51.200165
2670	51.200565
2671	51.200965
2672	51.201365
2673	51.201765
2674	51.202165
2675	51.202565
2676	51.202965
2677	51.203365
2678	51.203765
2679	51.204165
2680	51.204565
2681	51.204965
2682	51.205365
2683	51.205765
2684	51.206165
2685	51.206565
2686	51.206965
2687	51.207365
2688	51.207765
2689	51.208165
2690	51.208565
2691	51.208965
2692	51.209365
2693	51.209765
2694	51.210165
2695	51.210565
2696	51.210965
2697	51.211365
2698	51.211765
2699	51.212165
2700	51.212565
2701	51.212965
2702	51.213365
2703	51.213765
2704	51.214165
2705	51.214565
2706	51.214965
2707	51.215365
2708	51.215765
2709	51.216165
2710	51.216565
2711	51.216965
2712	51.217365
2713	51.217765
2714	51.218165
2715	51.218565
2716	51.218965
2717	51.219365
2718	51.219765
2719	51.220165
2720	51.220565
2721	51.220965
2722	51.221365
2723	51.221765
2724	51.222165
2725	51.222565
2726	51.222965
2727	51.223365
2728	51.223765
2729	51.224165
2730	51.224565
2731	51.224965
2732	51.225365
2733	51.225765
2734	51.226165
2735	51.226565
2736	51.226965
2737	51.227365
2738	51.227765
2739	51.228165
2740	51.228565
2741	51.228965
2742	51.229365
2743	51.229765
2744	51.230165
2745	51.230565
2746	51.230965
2747	51.231365
2748	51.231765
2749	51.232165
2750	51.232565
2751	51.232965
2752	51.233365
2753	51.233765
2754	51.234165
2755	51.234565
2756	51.234965
2757	51.235365
2758	51.235765
2759	51.236165
2760	51.236565
2761	51.236965
2762	51.237365
2763	51.237765
2764	51.238165
2765	51.238565
2766	51.238965
2767	51.239365
2768	51.239765
2769	51.240165
2770	51.240565
2771	51.240965
2772	51.241365
2773	51.241765
2774	51.242165
2775	51.242565
2776	51.242965
2777	51.243365
2778	51.243765
2779	51.244165
2780	51.244565
2781	51.244965
2782	51.245365
2783	51.245765
2784	51.246165
2785	51.246565
2786	51.246965
2787	51.247365
2788	51.247765
2789	51.248165
2790	51.248565
2791	51.248965
2792	51.249365
2793	51.249765
2794	51.250165
2795	51.250565
2796	51.250965
2797	51.251365
2798	51.251765
2799	51.252165
2800	51.252565
2801	51.252965
2802	51.253365
2803	51.253765
2804	51.254165
2805	51.254565
2806	51.254965
2807	51.255365
2808	51.255765
2809	51.256165
2810	51.256565
2811	51.256965
2812	51.257365
2813	51.257765
2814	51.258165
2815	51.258565
2816	51.258965
2817	51.259365
2818	51.259765
2819	51.260165
2820	51.260565
2821	51.260965
2822	51.261365
2823	51.261765
2824	51.262165
2825	51.262565
2826	51.262965
2827	51.263365
2828	51.263765
2829	51.264165
2830	51.264565
2831	51.264965
2832	51.265365
2833	51.265765
2834	51.266165
2835	51.266565
2836	51.266965
2837	51.267365
2838	51.267765
2839	51.268165
2840	51.268565
2841	51.268965
2842	51.269365
2843	51.269765
2844	51.270165
2845	51.270565
2846	51.270965
2847	51.271365
2848	51.271765
2849	51.272165
2850	51.272565
2851	51.272965
2852	51.273365
2853	51.273765
2854	51.274165
2855	51.274565
2856	51.274965
2857	51.275365
2858	51.275765
2859	51.276165
2860	51.276565
2861	51.276965
2862	51.277365
2863	51.277765
2864	51.278165
2865	51.278565
2866	51.278965
2867	51.279365
2868	51.279765
2869	51.280165
2870	51.280565
2871	51.280965
2872	51.281365
2873	51.281765
2874	51.282165
2875	51.282565
2876	51.282965
2877	51.283365
2878	51.283765
2879	51.284165
2880	51.284565
2881	51.284965
2882	51.285365
2883	51.285765
2884	51.286165
2885	51.286565
2886	51.286965
2887	51.287365
2888	51.287765
2889	51.288165
2890	51.288565
2891	51.288965
2892	51.289365
2893	51.289765
2894	51.290165
2895	51.290565
2896	51.290965
2897	51.291365
2898	51.291765
2899	51.292165
2900	51.292565
2901	51.292965
2902	51.293365
2903	51.293765
2904	51.294165
2905	51.294565
2906	51.294965
2907	51.295365
2908	51.295765
2909	51.296165
2910	51.296565
2911	51.296965
2912	51.297365
2913	51.297765
2914	51.298165
2915	51.298565
2916	51.298965
2917	51.299365
2918	51.299765
2919	51.300165
2920	51.300565
2921	51.300965
2922	51.301365
2923	51.301765
2924	51.302165
2925	51.302565
2926	51.302965
2927	51.303365
2928	51.303765
2929	51.304165
2930	51.304565
2931	51.304965
2932	51.305365
2933	51.305765
2934	51.306165
2935	51.306565
2936	51.306965
2937	51.307365
2938	51.307765
2939	51.308165
2940	51.308565
2941	51.308965
2942	51.309365
2943	51.309765
2944	51.310165
2945	51.310565
2946	51.310965
2947	51.311365
2948	51.311765
2949	51.312165
2950	51.312565
2951	51.312965
2952	51.313365
2953	51.313765
2954	51.314165
2955	51.314565
2956	51.314965
2957	51.315365
2958	51.315765
2959	51.316165
2960	51.316565
2961	51.316965
2962	51.317365
2963	51.317765
2964	51.318165
2965	51.318565
2966	51.318965
2967	51.319365
2968	51.319765
2969	51.320165
2970	51.320565
2971	51.320965
2972	51.321365
2973	51.321765
2974	51.322165
2975	51.322565
2976	51.322965
2977	51.323365
2978	51.323765
2979	51.324165
2980	51.324565
2981	51.324965
2982	51.325365
2983	51.325765
2984	51.326165
2985	51.326565
2986	51.326965
2987	51.327365
2988	51.327765
2989	51.328165
2990	51.328565
2991	51.328965
2992	51.329365
2993	51.329765
2994	51.330165
2995	51.330565
2996	51.330965
2997	51.331365
2998	51.331765
2999	51.332165
3000	51.332565
3001	51.332965
3002	51.333365
3003	51.333765
3004	51.334165
3005	51.334565
3006	51.334965
3007	51.335365
3008	51.335765
3009	51.336165
3010	51.336565
3011	51.336965
3012	51.337365
3013	51.337765
3014	51.338165
3015	51.338565
3016	51.338965
3017	51.339365
3018	51.339765
3019	51.340165
3020	51.340565
3021	51.340965
3022	51.341365
3023	51.341765
3024	51.342165
3025	51.342565
3026	51.342965
3027	51.343365
3028	51.343765
3029	51.344165
3030	51.344565
3031	51.344965
3032	51.345365
3033	51.345765
3034	51.346165
3035	51.346565
3036	51.346965
3037	51.347365
3038	51.347765
3039	51.348165
3040	51.348565
3041	51.348965
3042	51.349365
3043	51.349765
3044	51.350165
3045	51.350565
3046	51.350965
3047	51.351365
3048	51.351765
3049	51.352165
3050	51.352565
3051	51.352965
3052	51.353365
3053	51.353765
3054	51.354165
3055	51.354565
3056	51.354965
3057	51.355365
3058	51.355765
3059	51.356165
3060	51.356565
3061	51.356965
3062	51.357365
3063	51.357765
3064	51.358165
3065	51.358565
3066	51.358965
3067	51.359365
3068	51.359765
3069	51.360165
3070	51.360565
3071	51.360965
3072	51.361365
3073	51.361765
3074	51.362165
3075	51.362565
3076	51.362965
3077	51.363365
3078	51.363765
3079	51.364165
3080	51.364565
3081	51.364965
3082	51.365365
3083	51.365765
3084	51.366165
3085	51.366565
3086	51.366965
3087	51.367365
3088	51.367765
3089	51.368165
3090	51.368565
3091	51.368965
3092	51.369365
3093	51.369765
3094	51.370165
3095	51.370565
3096	51.370965
3097	51.371365
3098	51.371765
3099	51.372165
3100	51.372565
3101	51.372965
3102	51.373365
3103	51.373765
3104	51.374165
3105	51.374565
3106	51.374965
3107	51.375365
3108	51.375765
3109	51.376165
3110	51.376565
3111	51.376965
3112	51.377365
3113	51.377765
3114	51.378165
3115	51.378565
3116	51.378965
3117	51.379365
3118	51.379765
3119	51.380165
3120	51.380565
3121	51.380965
3122	51.381365
3123	51.381765
3124	51.382165
3125	51.382565
3126	51.382965
3127	51.383365
3128	51.383765
3129	51.384165
3130	51.384565
3131	51.384965
3132	51.385365
3133	51.385765
3134	51.386165
3135	51.386565
3136	51.386965
3137	51.387365
3138	51.387765
3139	51.388165
3140	51.388565
3141	51.388965
3142	51.389365
3143	51.389765
3144	51.390165
3145	51.390565
3146	51.390965
3147	51.391365
3148	51.391765
3149	51.392165
3150	51.392565
3151	51.392965
3152	51.393365
3153	51.393765
3154	51.394165
3155	51.394565
3156	51.394965
3157	51.395365
3158	51.395765
3159	51.396165
3160	51.396565
3161	51.396965
3162	51.397365
3163	51.397765
3164	51.398165
3165	51.398565
3166	51.398965
3167	51.399365
3168	51.399765
3169	51.400165
3170	51.400565
3171	51.400965
3172	51.401365
3173	51.401765
3174	51.402165
3175	51.402565
3176	51.402965
3177	51.403365
3178	51.403765
3179	51.404165
3180	51.404565
3181	51.404965
3182	51.405365
3183	51.405765
3184	51.406165
3185	51.406565
3186	51.406965
3187	51.407365
3188	51.407765
3189	51.408165
3190	51.408565
3191	51.408965
3192	51.409365
3193	51.409765
3194	51.410165
3195	51.410565
3196	51.410965
3197	51.411365
3198	51.411765
3199	51.412165
3200	51.412565
3201	51.412965
3202	51.413365
3203	51.413765
3204	51.414165
3205	51.414565
3206	51.414965
3207	51.415365
3208	51.415765
3209	51.416165
3210	51.416565
3211	51.416965
3212	51.417365
3213	51.417765
3214	51.418165
3215	51.418565
3216	51.418965
3217	51.419365
3218	51.419765
3219	51.420165
3220	51.420565
3221	51.420965
3222	51.421365
3223	51.421765
3224	51.422165
3225	51.422565
3226	51.422965
3227	51.423365
3228	51.423765
3229	51.424165
3230	51.424565
3231	51.424965
3232	51.425365
3233	51.425765
3234	51.426165
3235	51.426565
3236	51.426965
3237	51.427365
3238	51.427765
3239	51.428165
3240	51.428565
3241	51.428965
3242	51.429365
3243	51.429765
3244	51.430165
3245	51.430565
3246	51.430965
3247	51.431365
3248	51.431765
3249	51.432165
3250	51.432565
3251	51.432965
3252	51.433365
3253	51.433765
3254	51.434165
3255	51.434565
3256	51.434965
3257	51.435365
3258	51.435765
3259	51.436165
3260	51.436565
3261	51.436965
3262	51.437365
3263	51.437765
3264	51.438165
3265	51.438565
3266	51.438965
3267	51.439365
3268	51.439765
3269	51.440165
3270	51.440565
3271	51.440965
3272	51.441365
3273	51.441765
3274	51.442165
3275	51.442565
3276	51.442965
3277	51.443365
3278	51.443765
3279	51.444165
3280	51.444565
3281	51.444965
3282	51.445365
3283	51.445765
3284	51.446165
3285	51.446565
3286	51.446965
3287	51.447365
3288	51.447765
3289	51.448165
3290	51.448565
3291	51.448965
3292	51.449365
3293	51.449765
3294	51.450165
3295	51.450565
3296	51.450965
3297	51.451365
3298	51.451765
3299	51.452165
3300	51.452565
3301	51.452965
3302	51.453365
3303	51.453765
3304	51.454165
3305	51.454565
3306	51.454965
3307	51.455365
3308	51.455765
3309	51.456165
3310	51.456565
3311	51.456965
3312	51.457365
3313	51.457765
3314	51.458165
3315	51.458565
3316	51.458965
3317	51.459365
3318	51.459765
3319	51.460165
3320	51.460565
3321	51.460965
3322	51.461365
3323	51.461765
3324	51.462165
3325	51.462565
3326	51.462965
3327	51.463365
3328	51.463765
3329	51.464165
3330	51.464565
3331	51.464965
3332	51.465365
3333	51.465765
3334	51.466165
3335	51.466565
3336	51.466965
3337	51.467365
3338	51.467765
3339	51.468165
3340	51.468565
3341	51.468965
3342	51.469365
3343	51.469765
3344	51.470165
3345	51.470565
3346	51.470965
3347	51.471365
3348	51.471765
3349	51.472165
3350	51.472565
3351	51.472965
3352	51.473365
3353	51.473765
3354	51.474165
3355	51.474565
3356	51.474965
3357	51.475365
3358	51.475765
3359	51.476165
3360	51.476565
3361	51.476965
3362	51.477365
3363	51.477765
3364	51.478165
3365	51.478565
3366	51.478965
3367	51.479365
3368	51.479765
3369	51.480165
3370	51.480565
3371	51.480965
3372	51.481365
3373	51.481765
3374	51.482165
3375	51.482565
3376	51.482965
3377	51.483365
3378	51.483765
3379	51.484165
3380	51.484565
3381	51.484965
3382	51.485365
3383	51.485765
3384	51.486165
3385	51.486565
3386	51.486965
3387	51.487365
3388	51.487765
3389	51.488165
3390	51.488565
3391	51.488965
3392	51.489365
3393	51.489765
3394	51.490165
3395	51.490565
3396	51.490965
3397	51.491365
3398	51.491765
3399	51.492165
3400	51.492565
3401	51.492965
3402	51.493365
3403	51.493765
3404	51.494165
3405	51.494565
3406	51.494965
3407	51.495365
3408	51.495765
3409	51.496165
3410	51.496565
3411	51.496965
3412	51.497365
3413	51.497765
3414	51.498165
3415	51.498565
3416	51.498965
3417	51.499365
3418	51.499765
3419	51.500165
3420	51.500565
3421	51.500965
3422	51.501365
3423	51.501765
3424	51.502165
3425	51.502565
3426	51.502965
3427	51.503365
3428	51.503765
3429	51.504165
3430	51.504565
3431	51.504965
3432	51.505365
3433	51.505765
3434	51.506165
3435	51.506565
3436	51.506965
3437	51.507365
3438	51.507765
3439	51.508165
3440	51.508565
3441	51.508965
3442	51.509365
3443	51.509765
3444	51.510165
3445	51.510565
3446	51.510965
3447	51.511365
3448	51.511765
3449	51.512165
3450	51.512565
3451	51.512965
3452	51.513365
3453	51.513765
3454	51.514165
3455	51.514565
3456	51.514965
3457	51.515365
3458	51.515765
3459	51.516165
3460	51.516565
3461	51.516965
3462	51.517365
3463	51.517765
3464	51.518165
3465	51.518565
3466	51.518965
3467	51.519365
3468	51.519765
3469	51.520165
3470	51.520565
3471	51.520965
3472	51.521365
3473	51.521765
3474	51.522165
3475	51.522565
3476	51.522965
3477	51.523365
3478	51.523765
3479	51.524165
3480	51.524565
3481	51.524965
3482	51.525365
3483	51.525765
3484	51.526165
3485	51.526565
3486	51.526965
3487	51.527365
3488	51.527765
3489	51.528165
3490	51.528565
3491	51.528965
3492	51.529365
3493	51.529765
3494	51.530165
3495	51.530565
3496	51.530965
3497	51.531365
3498	51.531765
3499	51.532165
3500	51.532565
3501	51.532965
3502	51.533365
3503	51.533765
3504	51.534165
3505	51.534565
3506	51.534965
3507	51.535365
3508	51.535765
3509	51.536165
3510	51.536565
3511	51.536965
3512	51.537365
3513	51.537765
3514	51.538165
3515	51.538565
3516	51.538965
3517	51.539365
3518	51.539765
3519	51.540165
3520	51.540565
3521	51.540965
3522	51.541365
3523	51.541765
3524	51.542165
3525	51.542565
3526	51.542965
3527	51.543365
3528	51.543765
3529	51.544165
3530	51.544565
3531	51.544965
3532	51.545365
3533	51.545765
3534	51.546165
3535	51.546565
3536	51.546965
3537	51.547365
3538	51.547765
3539	51.548165
3540	51.548565
3541	51.548965
3542	51.549365
3543	51.549765
3544	51.550165
3545	51.550565
3546	51.550965
3547	51.551365
3548	51.551765
3549	51.552165
3550	51.552565
3551	51.552965
3552	51.553365
3553	51.553765
3554	51.554165
3555	51.554565
3556	51.554965
3557	51.555365
3558	51.555765
3559	51.556165
3560	51.556565
3561	51.556965
3562	51.557365
3563	51.557765
3564	51.558165
3565	51.558565
3566	51.558965
3567	51.559365
3568	51.559765
3569	51.560165
3570	51.560565
3571	51.560965
3572	51.561365
3573	51.561765
3574	51.562165
3575	51.562565
3576	51.562965
3577	51.563365
3578	51.563765
3579	51.564165
3580	51.564565
3581	51.564965
3582	51.565365
3583	51.565765
3584	51.566165
3585	51.566565
3586	51.566965
3587	51.567365
3588	51.567765
3589	51.568165
3590	51.568565
3591	51.568965
3592	51.569365
3593	51.569765
3594	51.570165
3595	51.570565
3596	51.570965
3597	51.571365
3598	51.571765
3599	51.572165
3600	51.572565
3601	51.572965
3602	51.573365
3603	51.573765
3604	51.574165
3605	51.574565
3606	51.574965
3607	51.575365
3608	51.575765
3609	51.576165
3610	51.576565
3611	51.576965
3612	51.577365
3613	51.577765
3614	51.578165
3615	51.578565
3616	51.578965
3617	51.579365
3618	51.579765
3619	51.580165
3620	51.580565
3621	51.580965
3622	51.581365
3623	51.581765
3624	51.582165
3625	51.582565
3626	51.582965
3627	51.583365
3628	51.583765
3629	51.584165
3630	51.584565
3631	51.584965
3632	51.585365
3633	51.585765
3634	51.586165
3635	51.586565
3636	51.586965
3637	51.587365
3638	51.587765
3639	51.588165
3640	51.588565
3641	51.588965
3642	51.589365
3643	51.589765
3644	51.590165
3645	51.590565
3646	51.590965
3647	51.591365
3648	51.591765
3649	51.592165
3650	51.592565
3651	51.592965
3652	51.593365
3653	51.593765
3654	51.594165
3655	51.594565
3656	51.594965
3657	51.595365
3658	51.595765
3659	51.596165
3660	51.596565
3661	51.596965
3662	51.597365
3663	51.597765
3664	51.598165
3665	51.598565
3666	51.598965
3667	51.599365
3668	51.599765
3669	51.600165
3670	51.600565
3671	51.600965
3672	51.601365
3673	51.601765
3674	51.602165
3675	51.602565
3676	51.602965
3677	51.603365
3678	51.603765
3679	51.604165
3680	51.604565
3681	51.604965
3682	51.605365
3683	51.605765
3684	51.606165
3685	51.606565
3686	51.606965
3687	51.607365
3688	51.607765
3689	51.608165
3690	51.608565
3691	51.608965
3692	51.609365
3693	51.609765
3694	51.610165
3695	51.610565
3696	51.610965
3697	51.611365
3698	51.611765
3699	51.612165
3700	51.612565
3701	51.612965
3702	51.613365
3703	51.613765
3704	51.614165
3705	51.614565
3706	51.614965
3707	51.615365
3708	51.615765
3709	51.616165
3710	51.616565
3711	51.616965
3712	51.617365
3713	51.617765
3714	51.618165
3715	51.618565
3716	51.618965
3717	51.619365
3718	51.619765
3719	51.620165
3720	51.620565
3721	51.620965
3722	51.621365
3723	51.621765
3724	51.622165
3725	51.622565
3726	51.622965
3727	51.623365
3728	51.623765
3729	51.624165
3730	51.624565
3731	51.624965
3732	51.625365
3733	51.625765
3734	51.626165
3735	51.626565
3736	51.626965
3737	51.627365
3738	51.627765
3739	51.628165
3740	51.628565
3741	51.628965
3742	51.629365
3743	51.629765
3744	51.630165
3745	51.630565
3746	51.630965
3747	51.631365
3748	51.631765
3749	51.632165
3750	51.632565
3751	51.632965
3752	51.633365
3753	51.633765
3754	51.634165
3755	51.634565
3756	51.634965
3757	51.635365
3758	51.635765
3759	51.636165
3760	51.636565
3761	51.636965
3762	51.637365
3763	51.637765
3764	51.638165
3765	51.638565
3766	51.638965
3767	51.639365
3768	51.639765
3769	51.640165
3770	51.640565
3771	51.640965
3772	51.641365
3773	51.641765
3774	51.642165
3775	51.642565
3776	51.642965
3777	51.643365
3778	51.643765
3779	51.644165
3780	51.644565
3781	51.644965
3782	51.645365
3783	51.645765
3784	51.646165
3785	51.646565
3786	51.646965
3787	51.647365
3788	51.647765
3789	51.648165
3790	51.648565
3791	51.648965
3792	51.649365
3793	51.649765
3794	51.650165
3795	51.650565
3796	51.650965
3797	51.651365
3798	51.651765
3799	51.652165
3800	51.652565
3801	51.652965
3802	51.653365
3803	51.653765
3804	51.654165
3805	51.654565
3806	51.654965
3807	51.655365
3808	51.655765
3809	51.656165
3810	51.656565
3811	51.656965
3812	51.657365
3813	51.657765
3814	51.658165
3815	51.658565
3816	51.658965
3817	51.659365
3818	51.659765
3819	51.660165
3820	51.660565
3821	51.660965
3822	51.661365
3823	51.661765
3824	51.662165
3825	51.662565
3826	51.662965
3827	51.663365
3828	51.663765
3829	51.664165
3830	51.664565
3831	51.664965
3832	51.665365
3833	51.665765
3834	51.666165
3835	51.666565
3836	51.666965
3837	51.667365
3838	51.667765
3839	51.668165
3840	51.668565
3841	51.668965
3842	51.669365
3843	51.669765
3844	51.670165
3845	51.670565
3846	51.670965
3847	51.671365
3848	51.671765
3849	51.672165
3850	51.672565
3851	51.672965
3852	51.673365
3853	51.673765
3854	51.674165
3855	51.674565
3856	51.674965
3857	51.675365
3858	51.675765
3859	51.676165
3860	51.676565
3861	51.676965
3862	51.677365
3863	51.677765
3864	51.678165
3865	51.678565
3866	51.678965
3867	51.679365
3868	51.679765
3869	51.680165
3870	51.680565
3871	51.680965
3872	51.681365
3873	51.681765
3874	51.682165
3875	51.682565
3876	51.682965
3877	51.683365
3878	51.683765
3879	51.684165
3880	51.684565
3881	51.684965
3882	51.685365
3883	51.685765
3884	51.686165
3885	51.686565
3886	51.686965
3887	51.687365
3888	51.687765
3889	51.688165
3890	51.688565
3891	51.688965
3892	51.689365
3893	51.689765
3894	51.690165
3895	51.690565
3896	51.690965
3897	51.691365
3898	51.691765
3899	51.692165
3900	51.692565
3901	51.692965
3902	51.693365
3903	51.693765
3904	51.694165
3905	51.694565
3906	51.694965
3907	51.695365
3908	51.695765
3909	51.696165
3910	51.696565
3911	51.696965
3912	51.697365
3913	51.697765
3914	51.698165
3915	51.698565
3916	51.698965
3917	51.699365
3918	51.699765
3919	51.700165
3920	51.700565
3921	51.700965
3922	51.701365
3923	51.701765
3924	51.702165
3925	51.702565
3926	51.702965
3927	51.703365
3928	51.703765
3929	51.704165
3930	51.704565
3931	51.704965
3932	51.705365
3933	51.705765
3934	51.706165
3935	51.706565
3936	51.706965
3937	51.707365
3938	51.707765
3939	51.708165
3940	51.708565
3941	51.708965
3942	51.709365
3943	51.709765
3944	51.710165
3945	51.710565
3946	51.710965
3947	51.711365
3948	51.711765
3949	51.712165
3950	51.712565
3951	51.712965
3952	51.713365
3953	51.713765
3954	51.714165
3955	51.714565
3956	51.714965
3957	51.715365
3958	51.715765
3959	51.716165
3960	51.716565
3961	51.716965
3962	51.717365
3963	51.717765
3964	51.718165
3965	51.718565
3966	51.718965
3967	51.719365
3968	51.719765
3969	51.720165
3970	51.720565
3971	51.720965
3972	51.721365
3973	51.721765
3974	51.722165
3975	51.722565
3976	51.722965
3977	51.723365
3978	51.723765
3979	51.724165
3980	51.724565
3981	51.724965
3982	51.725365
3983	51.725765
3984	51.726165
3985	51.726565
3986	51.726965
3987	51.727365
3988	51.727765
3989	51.728165
3990	51.728565
3991	51.728965
3992	51.729365
3993	51.729765
3994	51.730165
3995	51.730565
3996	51.730965
3997	51.731365
3998	51.731765
3999	51.732165
4000	51.732565
4001	51.732965
4002	51.733365
4003	51.733765
4004	51.734165
4005	51.734565
4006	51.734965
4007	51.735365
4008	51.735765
4009	51.736165
4010	51.736565
4011	51.736965
4012	51.737365
4013	51.737765
4014	51.738165
4015	51.738565
4016	51.738965
4017	51.739365
4018	51.739765
4019	51.740165
4020	51.740565
4021	51.740965
4022	51.741365
4023	51.741765
4024	51.742165
4025	51.742565
4026	51.742965
4027	51.743365
4028	51.743765
4029	51.744165
4030	51.744565
4031	51.744965
4032	51.745365
4033	51.745765
4034	51.746165
4035	51.746565
4036	51.746965
4037	51.747365
4038	51.747765
4039	51.748165
4040	51.748565
4041	51.748965
4042	51.749365
4043	51.749765
4044	51.750165
4045	51.750565
4046	51.750965
4047	51.751365
4048	51.751765
4049	51.752165
4050	51.752565
4051	51.752965
4052	51.753365
4053	51.753765
4054	51.754165
4055	51.754565
4056	51.754965
4057	51.755365
4058	51.755765
4059	51.756165
4060	51.756565
4061	51.756965
4062	51.757365
4063	51.757765
4064	51.758165
4065	51.758565
4066	51.758965
4067	51.759365
4068	51.759765
4069	51.760165
4070	51.760565
4071	51.760965
4072	51.761365
4073	51.761765
4074	51.762165
4075	51.762565
4076	51.762965
4077	51.763365
4078	51.763765
4079	51.764165
4080	51.764565
4081	51.764965
4082	51.765365
4083	51.765765
4084	51.766165
4085	51.766565
4086	51.766965
4087	51.767365
4088	51.767765
4089	51.768165
4090	51.768565
4091	51.768965
4092	51.769365
4093	51.769765
4094	51.770165
4095	51.770565
4096	51.770965
4097	51.771365
4098	51.771765
4099	51.772165
4100	51.772565
4101	51.772965
4102	51.773365
4103	51.773765
4104	51.774165
4105	51.774565
4106	51.774965
4107	51.775365
4108	51.775765
4109	51.776165
4110	51.776565
4111	51.776965
4112	51.777365
4113	51.777765
4114	51.778165
4115	51.778565
4116	51.778965
4117	51.779365
4118	51.779765
4119	51.780165
4120	51.780565
4121	51.780965
4122	51.781365
4123	51.781765
4124	51.782165
4125	51.782565
4126	51.782965
4127	51.783365
4128	51.783765
4129	51.784165
4130	51.784565
4131	51.784965
4132	51.785365
4133	51.785765
4134	51.786165
4135	51.786565
4136	51.786965
4137	51.787365
4138	51.787765
4139	51.788165
4140	51.788565
4141	51.788965
4142	51.789365
4143	51.789765
4144	51.790165
4145	51.790565
4146	51.790965
4147	51.791365
4148	51.791765
4149	51.792165
4150	51.792565
4151	51.792965
4152	51.793365
4153	51.793765
4154	51.794165
4155	51.794565
4156	51.794965
4157	51.795365
4158	51.795765
4159	51.796165
4160	51.796565
4161	51.796965
4162	51.797365
4163	51.797765
4164	51.798165
4165	51.798565
4166	51.798965
4167	51.799365
4168	51.799765
4169	51.800165
4170	51.800565
4171	51.800965
4172	51.801365
4173	51.801765
4174	51.802165
4175	51.802565
4176	51.802965
4177	51.803365
4178	51.803765
4179	51.804165
4180	51.804565
4181	51.804965
4182	51.805365
4183	51.805765
4184	51.806165
4185	51.806565
4186	51.806965
4187	51.807365
4188	51.807765
4189	51.808165
4190	51.808565
4191	51.808965
4192	51.809365
4193	51.809765
4194	51.810165
4195	51.810565
4196	51.810965
4197	51.811365
4198	51.811765
4199	51.812165
4200	51.812565
4201	51.812965
4202	51.813365
4203	51.813765
4204	51.814165
4205	51.814565
4206	51.814965
4207	51.815365
4208	51.815765
4209	51.816165
4210	51.816565
4211	51.816965
4212	51.817365
4213	51.817765
4214	51.818165
4215	51.818565
4216	51.818965
4217	51.819365
4218	51.819765
4219	51.820165
4220	51.820565
4221	51.820965
4222	51.821365
4223	51.821765
4224	51.822165
4225	51.822565
4226	51.822965
4227	51.823365
4228	51.823765
4229	51.824165
4230	51.824565
4231	51.824965
4232	51.825365
4233	51.825765
4234	51.826165
4235	51.826565
4236	51.826965
4237	51.827365
4238	51.827765
4239	51.828165
4240	51.828565
4241	51.828965
4242	51.829365
4243	51.829765
4244	51.830165
4245	51.830565
4246	51.830965
4247	51.831365
4248	51.831765
4249	51.832165
4250	51.832565
4251	51.832965
4252	51.833365
4253	51.833765
4254	51.834165
4255	51.834565
4256	51.834965
4257	51.835365
4258	51.835765
4259	51.836165
4260	51.836565
4261	51.836965
4262	51.837365
4263	51.837765
4264	51.838165
4265	51.838565
4266	51.838965
4267	51.839365
4268	51.839765
4269	51.840165
4270	51.840565
4271	51.840965
4272	51.841365
4273	51.841765
4274	51.842165
4275	51.842565
4276	51.842965
4277	51.843365
4278	51.843765
4279	51.844165
4280	51.844565
4281	51.844965
4282	51.845365
4283	51.845765
4284	51.846165
4285	51.846565
4286	51.846965
4287	51.847365
4288	51.847765
4289	51.848165
4290	51.848565
4291	51.848965
4292	51.849365
4293	51.849765
4294	51.850165
4295	51.850565
4296	51.850965
4297	51.851365
4298	51.851765
4299	51.852165
4300	51.852565
4301	51.852965
4302	51.853365
4303	51.853765
4304	51.854165
4305	51.854565
4306	51.854965
4307	51.855365
4308	51.855765
4309	51.856165
4310	51.856565
4311	51.856965
4312	51.857365
4313	51.857765
4314	51.858165
4315	51.858565
4316	51.858965
4317	51.859365
4318	51.859765
4319	51.860165
4320	51.860565
4321	51.860965
4322	51.861365
4323	51.861765
4324	51.862165
4325	51.862565
4326	51.862965
4327	51.863365
4328	51.863765
4329	51.864165
4330	51.864565
4331	51.864965
4332	51.865365
4333	51.865765
4334	51.866165
4335	51.866565
4336	51.866965
4337	51.867365
4338	51.867765
4339	51.868165
4340	51.868565
4341	51.868965
4342	51.869365
4343	51.869765
4344	51.870165
4345	51.870565
4346	51.870965
4347	51.871365
4348	51.871765
4349	51.872165
4350	51.872565
4351	51.872965
4352	51.873365
4353	51.873765
4354	51.874165
4355	51.874565
4356	51.874965
4357	51.875365
4358	51.875765
4359	51.876165
4360	51.876565
4361	51.876965
4362	51.877365
4363	51.877765
4364	51.878165
4365	51.878565
4366	51.878965
4367	51.879365
4368	51.879765
4369	51.880165
4370	51.880565
4371	51.880965
4372	51.881365
4373	51.881765
4374	51.882165
4375	51.882565
4376	51.882965
4377	51.883365
4378	51.883765
4379	51.884165
4380	51.884565
4381	51.884965
4382	51.885365
4383	51.885765
4384	51.886165
4385	51.886565
4386	51.886965
4387	51.887365
4388	51.887765
4389	51.888165
4390	51.888565
4391	51.888965
4392	51.889365
4393	51.889765
4394	51.890165
4395	51.890565
4396	51.890965
4397	51.891365
4398	51.891765
4399	51.892165
4400	51.892565
4401	51.892965
4402	51.893365
4403	51.893765
4404	51.894165
4405	51.894565
4406	51.894965
4407	51.895365
4408	51.895765
4409	51.896165
4410	51.896565
4411	51.896965
4412	51.897365
4413	51.897765
4414	51.898165
4415	51.898565
4416	51.898965
4417	51.899365
4418	51.899765
4419	51.900165
4420	51.900565
4421	51.900965
4422	51.901365
4423	51.901765
4424	51.902165
4425	51.902565
4426	51.902965
4427	51.903365
4428	51.903765
4429	51.904165
4430	51.904565
4431	51.904965
4432	51.905365
4433	51.905765
4434	51.906165
4435	51.906565
4436	51.906965
4437	51.907365
4438	51.907765
4439	51.908165
4440	51.908565
4441	51.908965
4442	51.909365
4443	51.909765
4444	51.910165
4445	51.910565
4446	51.910965
4447	51.911365
4448	51.911765
4449	51.912165
4450	51.912565
4451	51.912965
4452	51.913365
4453	51.913765
4454	51.914165
4455	51.914565
4456	51.914965
4457	51.915365
4458	51.915765
4459	51.916165
4460	51.916565
4461	51.916965
4462	51.917365
4463	51.917765
4464	51.918165
4465	51.918565
4466	51.918965
4467	51.919365
4468	51.919765
4469	51.920165
4470	51.920565
4471	51.920965
4472	51.921365
4473	51.921765
4474	51.922165
4475	51.922565
4476	51.922965
4477	51.923365
4478	51.923765
4479	51.924165
4480	51.924565
4481	51.924965
4482	51.925365
4483	51.925765
4484	51.926165
4485	51.926565
4486	51.926965
4487	51.927365
4488	51.927765
4489	51.928165
4490	51.928565
4491	51.928965
4492	51.929365
4493	51.929765
4494	51.930165
4495	51.930565
4496	51.930965
4497	51.931365
4498	51.931765
4499	51.932165
4500	51.932565
4501	51.932965
4502	51.933365
4503	51.933765
4504	51.934165
4505	51.934565
4506	51.934965
4507	51.935365
4508	51.935765
4509	51.936165
4510	51.936565
4511	51.936965
4512	51.937365
4513	51.937765
4514	51.938165
4515	51.938565
4516	51.938965
4517	51.939365
4518	51.939765
4519	51.940165
4520	51.940565
4521	51.940965
4522	51.941365
4523	51.941765
4524	51.942165
4525	51.942565
4526	51.942965
4527	51.943365
4528	51.943765
4529	51.944165
4530	51.944565
4531	51.944965
4532	51.945365
4533	51.945765
4534	51.946165
4535	51.946565
4536	51.946965
4537	51.947365
4538	51.947765
4539	51.948165
4540	51.948565
4541	51.948965
4542	51.949365
4543	51.949765
4544	51.950165
4545	51.950565
4546	51.950965
4547	51.951365
4548	51.951765
4549	51.952165
4550	51.952565
4551	51.952965
4552	51.953365
4553	51.953765
4554	51.954165
4555	51.954565
4556	51.954965
4557	51.955365
4558	51.955765
4559	51.956165
4560	51.956565
4561	51.956965
4562	51.957365
4563	51.957765
4564	51.958165
4565	51.958565
4566	51.958965
4567	51.959365
4568	51.959765
4569	51.960165
4570	51.960565
4571	51.960965
4572	51.961365
4573	51.961765
4574	51.962165
4575	51.962565
4576	51.962965
4577	51.963365
4578	51.963765
4579	51.964165
4580	51.964565
4581	51.964965
4582	51.965365
4583	51.965765
4584	51.966165
4585	51.966565
4586	51.966965
4587	51.967365
4588	51.967765
4589	51.968165
4590	51.968565
4591	51.968965
4592	51.969365
4593	51.969765
4594	51.970165
4595	51.970565
4596	51.970965
4597	51.971365
4598	51.971765
4599	51.972165
4600	51.972565
4601	51.972965
4602	51.973365
4603	51.973765
4604	51.974165
4605	51.974565
4606	51.974965
4607	51.975365
4608	51.975765
4609	51.976165
4610	51.976565
4611	51.976965
4612	51.977365
4613	51.977765
4614	51.978165
4615	51.978565
4616	51.978965
4617	51.979365
4618	51.979765
4619	51.980165
4620	51.980565
4621	51.980965
4622	51.981365
4623	51.981765
4624	51.982165
4625	51.982565
4626	51.982965
4627	51.983365
4628	51.983765
4629	51.984165
4630	51.984565
4631	51.984965
4632	51.985365
4633	51.985765
4634	51.986165
4635	51.986565
4636	51.986965
4637	51.987365
4638	51.987765
4639	51.988165
4640	51.988565
4641	51.988965
4642	51.989365
4643	51.989765
4644	51.990165
4645	51.990565
4646	51.990965
4647	51.991365
4648	51.991765
4649	51.992165
4650	51.992565
4651	51.992965
4652	51.993365
4653	51.993765
4654	51.994165
4655	51.994565
4656	51.994965
4657	51.995365
4658	51.995765
4659	51.996165
4660	51.996565
4661	51.996965
4662	51.997365
4663	51.997765
4664	51.998165
4665	51.998565
4666	51.998965
4667	51.999365
4668	51.999765
4669	52.000165
4670	52.000565
4671	52.000965
4672	52.001365
4673	52.001765
4674	52.002165
4675	52.002565
4676	52.002965
4677	52.003365
4678	52.003765
4679	52.004165
4680	52.004565
4681	52.004965
4682	52.005365
4683	52.005765
4684	52.006165
4685	52.006565
4686	52.006965
4687	52.007365
4688	52.007765
4689	52.008165
4690	52.008565
4691	52.008965
4692	52.009365
4693	52.009765
4694	52.010165
4695	52.010565
4696	52.010965
4697	52.011365
4698	52.011765
4699	52.012165
4700	52.012565
4701	52.012965
4702	52.013365
4703	52.013765
4704	52.014165
4705	52.014565
4706	52.014965
4707	52.015365
4708	52.015765
4709	52.016165
4710	52.016565
4711	52.016965
4712	52.017365
4713	52.017765
4714	52.018165
4715	52.018565
4716	52.018965
4717	52.019365
4718	52.019765
4719	52.020165
4720	52.020565
4721	52.020965
4722	52.021365
4723	52.021765
4724	52.022165
4725	52.022565
4726	52.022965
4727	52.023365
4728	52.023765
4729	52.024165
4730	52.024565
4731	52.024965
4732	52.025365
4733	52.025765
4734	52.026165
4735	52.026565
4736	52.026965
4737	52.027365
4738	52.027765
4739	52.028165
4740	52.028565
4741	52.028965
4742	52.029365
4743	52.029765
4744	52.030165
4745	52.030565
4746	52.030965
4747	52.031365
4748	52.031765
4749	52.032165
4750	52.032565
4751	52.032965
4752	52.033365
4753	52.033765
4754	52.034165
4755	52.034565
4756	52.034965
4757	52.035365
4758	52.035765
4759	52.036165
4760	52.036565
4761	52.036965
4762	52.037365
4763	52.037765
4764	52.038165
4765	52.038565
4766	52.038965
4767	52.039365
4768	52.039765
4769	52.040165
4770	52.040565
4771	52.040965
4772	52.041365
4773	52.041765
4774	52.042165
4775	52.042565
4776	52.042965
4777	52.043365
4778	52.043765
4779	52.044165
4780	52.044565
4781	52.044965
4782	52.045365
4783	52.045765
4784	52.046165
4785	52.046565
4786	52.046965
4787	52.047365
4788	52.047765
4789	52.048165
4790	52.048565
4791	52.048965
4792	52.049365
4793	52.049765
4794	52.050165
4795	52.050565
4796	52.050965
4797	52.051365
4798	52.051765
4799	52.052165
4800	52.052565
4801	52.052965
4802	52.053365
4803	52.053765
4804	52.054165
4805	52.054565
4806	52.054965
4807	52.055365
4808	52.055765
4809	52.056165
4810	52.056565
4811	52.056965
4812	52.057365
4813	52.057765
4814	52.058165
4815	52.058565
4816	52.058965
4817	52.059365
4818	52.059765
4819	52.060165
4820	52.060565
4821	52.060965
4822	52.061365
4823	52.061765
4824	52.062165
4825	52.062565
4826	52.062965
4827	52.063365
4828	52.063765
4829	52.064165
4830	52.064565
4831	52.064965
4832	52.065365
4833	52.065765
4834	52.066165
4835	52.066565
4836	52.066965
4837	52.067365
4838	52.067765
4839	52.068165
4840	52.068565
4841	52.068965
4842	52.069365
4843	52.069765
4844	52.070165
4845	52.070565
4846	52.070965
4847	52.071365
4848	52.071765
4849	52.072165
4850	52.072565
4851	52.072965
4852	52.073365
4853	52.073765
4854	52.074165
4855	52.074565
4856	52.074965
4857	52.075365
4858	52.075765
4859	52.076165
4860	52.076565
4861	52.076965
4862	52.077365
4863	52.077765
4864	52.078165
4865	52.078565
4866	52.078965
4867	52.079365
4868	52.079765
4869	52.080165
4870	52.080565
4871	52.080965
4872	52.081365
4873	52.081765
4874	52.082165
4875	52.082565
4876	52.082965
4877	52.083365
4878	52.083765
4879	52.084165
4880	52.084565
4881	52.084965
4882	52.085365
4883	52.085765
4884	52.086165
4885	52.086565
4886	52.086965
4887	52.087365
4888	52.087765
4889	52.088165
4890	52.088565
4891	52.088965
4892	52.089365
4893	52.089765
4894	52.090165
4895	52.090565
4896	52.090965
4897	52.091365
4898	52.091765
4899	52.092165
4900	52.092565
4901	52.092965
4902	52.093365
4903	52.093765
4904	52.094165
4905	52.094565
4906	52.094965
4907	52.095365
4908	52.095765
4909	52.096165
4910	52.096565
4911	52.096965
4912	52.097365
4913	52.097765
4914	52.098165
4915	52.098565
4916	52.098965
4917	52.099365
4918	52.099765
4919	52.100165
4920	52.100565
4921	52.100965
4922	52.101365
4923	52.101765
4924	52.102165
4925	52.102565
4926	52.102965
4927	52.103365
4928	52.103765
4929	52.104165
4930	52.104565
4931	52.104965
4932	52.105365
4933	52.105765
4934	52.106165
4935	52.106565
4936	52.106965
4937	52.107365
4938	52.107765
4939	52.108165
4940	52.108565
4941	52.108965
4942	52.109365
4943	52.109765
4944	52.110165
4945	52.110565
4946	52.110965
4947	52.111365
4948	52.111765
4949	52.112165
4950	52.112565
4951	52.112965
4952	52.113365
4953	52.113765
4954	52.114165
4955	52.114565
4956	52.114965
4957	52.115365
4958	52.115765
4959	52.116165
4960	52.116565
4961	52.116965
4962	52.117365
4963	52.117765
4964	52.118165
4965	52.118565
4966	52.118965
4967	52.119365
4968	52.119765
4969	52.120165
4970	52.120565
4971	52.120965
4972	52.121365
4973	52.121765
4974	52.122165
4975	52.122565
4976	52.122965
4977	52.123365
4978	52.123765
4979	52.124165
4980	52.124565
4981	52.124965
4982	52.125365
4983	52.125765
4984	52.126165
4985	52.126565
4986	52.126965
4987	52.127365
4988	52.127765
4989	52.128165
4990	52.128565
4991	52.128965
4992	52.129365
4993	52.129765
4994	52.130165
4995	52.130565
4996	52.130965
4997	52.131365
4998	52.131765
4999	52.132165
